74
0 10 0
0 7 7
0 0 10
0 -7 7
0 -10 0
0 -7 -7
0 0 -10
0 7 -7
0 10 0
-7 7 0
-10 0 0
-7 -7 0
0 -10 0
7 -7 0
10 0 0
7 7 0
0 10 0
-5 7 5
-7 0 7
-5 -7 5
0 -10 0
5 -7 -5
7 0 -7
5 7 -5
0 10 0
-5 7 -5
-7 0 -7
-5 -7 -5
0 -10 0
5 -7 5
7 0 7
5 7 5
0 8 5
0 19 2
2 19 0
0 19 -2
-2 19 0
5 8 0
-5 8 0
0 8 -5
0 -8 5
0 -19 2
2 -19 0
0 -19 -2
-2 -19 0
5 -8 0
-5 -8 0
0 -8 -5
20 19 0
13 19 -20
-13 19 -20
-20 19 0
-13 19 20
13 19 20
20 20 0
13 20 -20
-13 20 -20
-20 20 0
-13 20 20
13 20 20
20 -19 0
13 -19 -20
-13 -19 -20
-20 -19 0
-13 -19 20
13 -19 20
20 -20 0
13 -20 -20
-13 -20 -20
-20 -20 0
-13 -20 20
13 -20 20
7 -3 -6
7 3 -6
92
1 2
2 3
3 4
4 5
5 6
6 7
7 8
8 1
9 10
10 11
11 12
12 13
13 14
14 15
15 16
16 9
17 18
18 19
19 20
20 21
21 22
22 23
23 24
24 17
25 26
26 27
27 28
28 29
29 30
30 31
31 32
32 25
33 34
34 35
35 36
36 37
37 34
38 35
39 37
40 36
33 38
38 40
40 39
39 33
41 42
42 43
43 44
44 45
45 42
46 43
47 45
48 44
41 46
46 48
48 47
47 41
49 50
50 51
51 52
52 53
53 54
54 49
55 56
56 57
57 58
58 59
59 60
60 55
49 55
50 56
51 57
52 58
53 59
54 60
61 62
62 63
63 64
64 65
65 66
66 61
67 68
68 69
69 70
70 71
71 72
72 67
61 67
62 68
63 69
64 70
65 71
66 72
